//position			//color			//radius
8.01816 1.181 0.294562		0.00125126 0.563585 0.193304	1
8.2126 -2.42037 0.190961	0.80874 0.585009 0.479873	1
1.22045 -2.17286 0.123035	0.350291 0.895962 0.82284	1
1.07403 1.55593 0.123035	0.746605 0.174108 0.858943	1
-12.3252 -0.326741 0.463252	0.0149846 0.0914029 0.364452	4.76837
-2.48733 1.54399 0.149808	0.710501 0.513535 0.303995	1
-2.43099 -2.2049 0.0743991	0.00125126 0.563585 0.193304	1
-9.76451 1.55635 0.172735	0.80874 0.585009 0.479873	1
-9.55691 -2.2677 0.215508	0.350291 0.895962 0.82284	1
5.18526 -2.71516 0.928053	0.746605 0.174108 0.858943	1.95313
5.17201 1.84842 0.978702	0.710501 0.513535 0.303995	1.95313
-6.1867 1.54881 0.963717	0.0149846 0.0914029 0.364452	1.95313
-6.54501 -2.30278 0.945618	0.147313 0.165899 0.988525	1.95313
10.8984 4.06663 6.25721	0.00125126 0.563585 0.193304	3.8147
10.8736 -3.98035 6.02661	0.80874 0.585009 0.479873	3.8147
-12.8188 -4.55038 6.00039	0.350291 0.895962 0.82284	3.8147
-11.9895 3.50071 5.66894	0.746605 0.174108 0.858943	3.8147
